Please enter value at (1,1): 
|	15.0,	0.0,	0.0,	0.0	|
|	0.0,	0.0,	0.0,	0.0	|
|	0.0,	0.0,	0.0,	0.0	|

Please enter value at (1,2): 
|	15.0,	7.8E-4,	0.0,	0.0	|
|	0.0,	0.0,	0.0,	0.0	|
|	0.0,	0.0,	0.0,	0.0	|

Please enter value at (1,3): 
|	15.0,	7.8E-4,	0.0056,	0.0	|
|	0.0,	0.0,	0.0,	0.0	|
|	0.0,	0.0,	0.0,	0.0	|

Please enter value at (1,4): 
|	15.0,	7.8E-4,	0.0056,	2.0	|
|	0.0,	0.0,	0.0,	0.0	|
|	0.0,	0.0,	0.0,	0.0	|

Please enter value at (2,1): 
|	15.0,	7.8E-4,	0.0056,	2.0	|
|	0.01248,	0.0,	0.0,	0.0	|
|	0.0,	0.0,	0.0,	0.0	|

Please enter value at (2,2): 
|	15.0,	7.8E-4,	0.0056,	2.0	|
|	0.01248,	9.567E-7,	0.0,	0.0	|
|	0.0,	0.0,	0.0,	0.0	|

Please enter value at (2,3): 
|	15.0,	7.8E-4,	0.0056,	2.0	|
|	0.01248,	9.567E-7,	0.009865,	0.0	|
|	0.0,	0.0,	0.0,	0.0	|

Please enter value at (2,4): 
|	15.0,	7.8E-4,	0.0056,	2.0	|
|	0.01248,	9.567E-7,	0.009865,	0.0054668	|
|	0.0,	0.0,	0.0,	0.0	|

Please enter value at (3,1): 
|	15.0,	7.8E-4,	0.0056,	2.0	|
|	0.01248,	9.567E-7,	0.009865,	0.0054668	|
|	35.0,	0.0,	0.0,	0.0	|

Please enter value at (3,2): 
|	15.0,	7.8E-4,	0.0056,	2.0	|
|	0.01248,	9.567E-7,	0.009865,	0.0054668	|
|	35.0,	2900089.0,	0.0,	0.0	|

Please enter value at (3,3): 
|	15.0,	7.8E-4,	0.0056,	2.0	|
|	0.01248,	9.567E-7,	0.009865,	0.0054668	|
|	35.0,	2900089.0,	54.0,	0.0	|

Please enter value at (3,4): 
|	15.0,	7.8E-4,	0.0056,	2.0	|
|	0.01248,	9.567E-7,	0.009865,	0.0054668	|
|	35.0,	2900089.0,	54.0,	6.0	|

|	1.0,	5.2E-5,	3.733333333333333E-4,	0.13333333333333333	|
|	0.0,	9.567E-7,	0.009865,	0.0054668	|
|	35.0,	2900089.0,	54.0,	6.0	|

|	1.0,	5.2E-5,	3.733333333333333E-4,	0.13333333333333333	|
|	0.0,	3.077400000000002E-7,	0.009865,	0.0054668	|
|	35.0,	2900089.0,	54.0,	6.0	|

|	1.0,	5.2E-5,	3.733333333333333E-4,	0.13333333333333333	|
|	0.0,	3.077400000000002E-7,	0.0098603408,	0.0054668	|
|	35.0,	2900089.0,	54.0,	6.0	|

|	1.0,	5.2E-5,	3.733333333333333E-4,	0.13333333333333333	|
|	0.0,	3.077400000000002E-7,	0.0098603408,	0.0038028000000000003	|
|	35.0,	2900089.0,	54.0,	6.0	|

|	1.0,	5.2E-5,	3.733333333333333E-4,	0.13333333333333333	|
|	0.0,	3.077400000000002E-7,	0.0098603408,	0.0038028000000000003	|
|	0.0,	2900089.0,	54.0,	6.0	|

|	1.0,	5.2E-5,	3.733333333333333E-4,	0.13333333333333333	|
|	0.0,	3.077400000000002E-7,	0.0098603408,	0.0038028000000000003	|
|	0.0,	2900088.99818,	54.0,	6.0	|

|	1.0,	5.2E-5,	3.733333333333333E-4,	0.13333333333333333	|
|	0.0,	3.077400000000002E-7,	0.0098603408,	0.0038028000000000003	|
|	0.0,	2900088.99818,	53.98693333333333,	6.0	|

|	1.0,	5.2E-5,	3.733333333333333E-4,	0.13333333333333333	|
|	0.0,	3.077400000000002E-7,	0.0098603408,	0.0038028000000000003	|
|	0.0,	2900088.99818,	53.98693333333333,	1.333333333333333	|

|	1.0,	5.2E-5,	3.733333333333333E-4,	0.13333333333333333	|
|	0.0,	1.0,	32041.1412231104,	12357.184636381355	|
|	0.0,	2900088.99818,	53.98693333333333,	1.333333333333333	|

|	1.0,	0.0,	3.733333333333333E-4,	0.13333333333333333	|
|	0.0,	1.0,	32041.1412231104,	12357.184636381355	|
|	0.0,	2900088.99818,	53.98693333333333,	1.333333333333333	|

|	1.0,	0.0,	-1.6657660102684073,	0.13333333333333333	|
|	0.0,	1.0,	32041.1412231104,	12357.184636381355	|
|	0.0,	2900088.99818,	53.98693333333333,	1.333333333333333	|

|	1.0,	0.0,	-1.6657660102684073,	-0.5092402677584971	|
|	0.0,	1.0,	32041.1412231104,	12357.184636381355	|
|	0.0,	2900088.99818,	53.98693333333333,	1.333333333333333	|

|	1.0,	0.0,	-1.6657660102684073,	-0.5092402677584971	|
|	0.0,	1.0,	32041.1412231104,	12357.184636381355	|
|	0.0,	2900088.99818,	53.98693333333333,	1.333333333333333	|

|	1.0,	0.0,	-1.6657660102684073,	-0.5092402677584971	|
|	0.0,	1.0,	32041.1412231104,	12357.184636381355	|
|	0.0,	0.0,	53.98693333333333,	1.333333333333333	|

|	1.0,	0.0,	-1.6657660102684073,	-0.5092402677584971	|
|	0.0,	1.0,	32041.1412231104,	12357.184636381355	|
|	0.0,	0.0,	-9.29221610962872E10,	1.333333333333333	|

|	1.0,	0.0,	-1.6657660102684073,	-0.5092402677584971	|
|	0.0,	1.0,	32041.1412231104,	12357.184636381355	|
|	0.0,	0.0,	-9.29221610962872E10,	-3.583693521111516E10	|

|	1.0,	0.0,	-1.6657660102684073,	-0.5092402677584971	|
|	0.0,	1.0,	32041.1412231104,	12357.184636381355	|
|	0.0,	0.0,	1.0,	0.3856661832690314	|

|	1.0,	0.0,	-1.6657660102684073,	-0.5092402677584971	|
|	0.0,	1.0,	32041.1412231104,	12357.184636381355	|
|	0.0,	0.0,	1.0,	0.3856661832690314	|

|	1.0,	0.0,	0.0,	-0.5092402677584971	|
|	0.0,	1.0,	32041.1412231104,	12357.184636381355	|
|	0.0,	0.0,	1.0,	0.3856661832690314	|

|	1.0,	0.0,	0.0,	0.13318935164100176	|
|	0.0,	1.0,	32041.1412231104,	12357.184636381355	|
|	0.0,	0.0,	1.0,	0.3856661832690314	|

|	1.0,	0.0,	0.0,	0.13318935164100176	|
|	0.0,	1.0,	32041.1412231104,	12357.184636381355	|
|	0.0,	0.0,	1.0,	0.3856661832690314	|

|	1.0,	0.0,	0.0,	0.13318935164100176	|
|	0.0,	1.0,	32041.1412231104,	12357.184636381355	|
|	0.0,	0.0,	1.0,	0.3856661832690314	|

|	1.0,	0.0,	0.0,	0.13318935164100176	|
|	0.0,	1.0,	0.0,	12357.184636381355	|
|	0.0,	0.0,	1.0,	0.3856661832690314	|

|	1.0,	0.0,	0.0,	0.13318935164100176	|
|	0.0,	1.0,	0.0,	-6.7196579038864E-6	|
|	0.0,	0.0,	1.0,	0.3856661832690314	|


BRUTE FORCED SOLUTION:
|	1.0,	0.0,	0.0,	0.13318935164100176	|
|	0.0,	1.0,	0.0,	-6.7196579038864E-6	|
|	0.0,	0.0,	1.0,	0.3856661832690314	|


Back Substituted Values: 
x1 = 0.13318935164100176
x2 = -6.7196579038864E-6
x3 = 0.3856661832690314


========================


SWAPED: Row[2] & Row[3]
|	15.0,	7.8E-4,	0.0056,	2.0	|
|	0.01248,	9.567E-7,	0.009865,	0.0054668	|
|	35.0,	2900089.0,	54.0,	6.0	|

SWAPED: Row[1] & Row[2]
|	15.0,	7.8E-4,	0.0056,	2.0	|
|	0.01248,	9.567E-7,	0.009865,	0.0054668	|
|	35.0,	2900089.0,	54.0,	6.0	|

|	1.0,	82859.68571428572,	1.542857142857143,	0.17142857142857143	|
|	0.0,	7.8E-4,	0.0056,	2.0	|
|	0.01248,	9.567E-7,	0.009865,	0.0054668	|

|	1.0,	82859.68571428572,	1.542857142857143,	0.17142857142857143	|
|	0.0,	-1242895.2849342858,	0.0056,	2.0	|
|	0.01248,	9.567E-7,	0.009865,	0.0054668	|

|	1.0,	82859.68571428572,	1.542857142857143,	0.17142857142857143	|
|	0.0,	-1242895.2849342858,	-23.13725714285714,	2.0	|
|	0.01248,	9.567E-7,	0.009865,	0.0054668	|

|	1.0,	82859.68571428572,	1.542857142857143,	0.17142857142857143	|
|	0.0,	-1242895.2849342858,	-23.13725714285714,	-0.5714285714285716	|
|	0.01248,	9.567E-7,	0.009865,	0.0054668	|

|	1.0,	82859.68571428572,	1.542857142857143,	0.17142857142857143	|
|	0.0,	-1242895.2849342858,	-23.13725714285714,	-0.5714285714285716	|
|	0.0,	9.567E-7,	0.009865,	0.0054668	|

|	1.0,	82859.68571428572,	1.542857142857143,	0.17142857142857143	|
|	0.0,	-1242895.2849342858,	-23.13725714285714,	-0.5714285714285716	|
|	0.0,	-1034.0888767575857,	0.009865,	0.0054668	|

|	1.0,	82859.68571428572,	1.542857142857143,	0.17142857142857143	|
|	0.0,	-1242895.2849342858,	-23.13725714285714,	-0.5714285714285716	|
|	0.0,	-1034.0888767575857,	-0.009389857142857142,	0.0054668	|

|	1.0,	82859.68571428572,	1.542857142857143,	0.17142857142857143	|
|	0.0,	-1242895.2849342858,	-23.13725714285714,	-0.5714285714285716	|
|	0.0,	-1034.0888767575857,	-0.009389857142857142,	0.0033273714285714288	|

|	1.0,	82859.68571428572,	1.542857142857143,	0.17142857142857143	|
|	0.0,	1.0,	1.861561261299696E-5,	4.597560054777938E-7	|
|	0.0,	-1034.0888767575857,	-0.009389857142857142,	0.0033273714285714288	|

|	1.0,	0.0,	1.542857142857143,	0.17142857142857143	|
|	0.0,	1.0,	1.861561261299696E-5,	4.597560054777938E-7	|
|	0.0,	-1034.0888767575857,	-0.009389857142857142,	0.0033273714285714288	|

|	1.0,	0.0,	3.733323653216658E-4,	0.17142857142857143	|
|	0.0,	1.0,	1.861561261299696E-5,	4.597560054777938E-7	|
|	0.0,	-1034.0888767575857,	-0.009389857142857142,	0.0033273714285714288	|

|	1.0,	0.0,	3.733323653216658E-4,	0.133333333309426	|
|	0.0,	1.0,	1.861561261299696E-5,	4.597560054777938E-7	|
|	0.0,	-1034.0888767575857,	-0.009389857142857142,	0.0033273714285714288	|

|	1.0,	0.0,	3.733323653216658E-4,	0.133333333309426	|
|	0.0,	1.0,	1.861561261299696E-5,	4.597560054777938E-7	|
|	0.0,	-1034.0888767575857,	-0.009389857142857142,	0.0033273714285714288	|

|	1.0,	0.0,	3.733323653216658E-4,	0.133333333309426	|
|	0.0,	1.0,	1.861561261299696E-5,	4.597560054777938E-7	|
|	0.0,	0.0,	-0.009389857142857142,	0.0033273714285714288	|

|	1.0,	0.0,	3.733323653216658E-4,	0.133333333309426	|
|	0.0,	1.0,	1.861561261299696E-5,	4.597560054777938E-7	|
|	0.0,	0.0,	0.009860340794271229,	0.0033273714285714288	|

|	1.0,	0.0,	3.733323653216658E-4,	0.133333333309426	|
|	0.0,	1.0,	1.861561261299696E-5,	4.597560054777938E-7	|
|	0.0,	0.0,	0.009860340794271229,	0.003802799999858515	|

|	1.0,	0.0,	3.733323653216658E-4,	0.133333333309426	|
|	0.0,	1.0,	1.861561261299696E-5,	4.597560054777938E-7	|
|	0.0,	0.0,	1.0,	0.38566618326903146	|

|	1.0,	0.0,	3.733323653216658E-4,	0.133333333309426	|
|	0.0,	1.0,	1.861561261299696E-5,	4.597560054777938E-7	|
|	0.0,	0.0,	1.0,	0.38566618326903146	|

|	1.0,	0.0,	0.0,	0.133333333309426	|
|	0.0,	1.0,	1.861561261299696E-5,	4.597560054777938E-7	|
|	0.0,	0.0,	1.0,	0.38566618326903146	|

|	1.0,	0.0,	0.0,	0.1331893516410016	|
|	0.0,	1.0,	1.861561261299696E-5,	4.597560054777938E-7	|
|	0.0,	0.0,	1.0,	0.38566618326903146	|

|	1.0,	0.0,	0.0,	0.1331893516410016	|
|	0.0,	1.0,	1.861561261299696E-5,	4.597560054777938E-7	|
|	0.0,	0.0,	1.0,	0.38566618326903146	|

|	1.0,	0.0,	0.0,	0.1331893516410016	|
|	0.0,	1.0,	1.861561261299696E-5,	4.597560054777938E-7	|
|	0.0,	0.0,	1.0,	0.38566618326903146	|

|	1.0,	0.0,	0.0,	0.1331893516410016	|
|	0.0,	1.0,	0.0,	4.597560054777938E-7	|
|	0.0,	0.0,	1.0,	0.38566618326903146	|

|	1.0,	0.0,	0.0,	0.1331893516410016	|
|	0.0,	1.0,	0.0,	-6.719656260191585E-6	|
|	0.0,	0.0,	1.0,	0.38566618326903146	|


Pivot SOLUTION:
|	1.0,	0.0,	0.0,	0.1331893516410016	|
|	0.0,	1.0,	0.0,	-6.719656260191585E-6	|
|	0.0,	0.0,	1.0,	0.38566618326903146	|


Back Substituted Values: 
x1 = 0.1331893516410016
x2 = -6.719656260191585E-6
x3 = 0.38566618326903146

