Please enter value at (1,1): 
|	1.0,	0.0,	0.0,	0.0	|
|	0.0,	0.0,	0.0,	0.0	|
|	0.0,	0.0,	0.0,	0.0	|

Please enter value at (1,2): 
|	1.0,	2.0,	0.0,	0.0	|
|	0.0,	0.0,	0.0,	0.0	|
|	0.0,	0.0,	0.0,	0.0	|

Please enter value at (1,3): 
|	1.0,	2.0,	3.0,	0.0	|
|	0.0,	0.0,	0.0,	0.0	|
|	0.0,	0.0,	0.0,	0.0	|

Please enter value at (1,4): 
|	1.0,	2.0,	3.0,	4.0	|
|	0.0,	0.0,	0.0,	0.0	|
|	0.0,	0.0,	0.0,	0.0	|

Please enter value at (2,1): 
|	1.0,	2.0,	3.0,	4.0	|
|	5.0,	0.0,	0.0,	0.0	|
|	0.0,	0.0,	0.0,	0.0	|

Please enter value at (2,2): 
|	1.0,	2.0,	3.0,	4.0	|
|	5.0,	6.0,	0.0,	0.0	|
|	0.0,	0.0,	0.0,	0.0	|

Please enter value at (2,3): 
|	1.0,	2.0,	3.0,	4.0	|
|	5.0,	6.0,	7.0,	0.0	|
|	0.0,	0.0,	0.0,	0.0	|

Please enter value at (2,4): 
|	1.0,	2.0,	3.0,	4.0	|
|	5.0,	6.0,	7.0,	8.0	|
|	0.0,	0.0,	0.0,	0.0	|

Please enter value at (3,1): 
|	1.0,	2.0,	3.0,	4.0	|
|	5.0,	6.0,	7.0,	8.0	|
|	9.0,	0.0,	0.0,	0.0	|

Please enter value at (3,2): 
|	1.0,	2.0,	3.0,	4.0	|
|	5.0,	6.0,	7.0,	8.0	|
|	9.0,	10.0,	0.0,	0.0	|

Please enter value at (3,3): 
|	1.0,	2.0,	3.0,	4.0	|
|	5.0,	6.0,	7.0,	8.0	|
|	9.0,	10.0,	11.0,	0.0	|

Please enter value at (3,4): 
|	1.0,	2.0,	3.0,	4.0	|
|	5.0,	6.0,	7.0,	8.0	|
|	9.0,	10.0,	11.0,	12.0	|

|	1.0,	2.0,	3.0,	4.0	|
|	0.0,	6.0,	7.0,	8.0	|
|	9.0,	10.0,	11.0,	12.0	|

|	1.0,	2.0,	3.0,	4.0	|
|	0.0,	-4.0,	7.0,	8.0	|
|	9.0,	10.0,	11.0,	12.0	|

|	1.0,	2.0,	3.0,	4.0	|
|	0.0,	-4.0,	-8.0,	8.0	|
|	9.0,	10.0,	11.0,	12.0	|

|	1.0,	2.0,	3.0,	4.0	|
|	0.0,	-4.0,	-8.0,	-12.0	|
|	9.0,	10.0,	11.0,	12.0	|

|	1.0,	2.0,	3.0,	4.0	|
|	0.0,	-4.0,	-8.0,	-12.0	|
|	0.0,	10.0,	11.0,	12.0	|

|	1.0,	2.0,	3.0,	4.0	|
|	0.0,	-4.0,	-8.0,	-12.0	|
|	0.0,	-8.0,	11.0,	12.0	|

|	1.0,	2.0,	3.0,	4.0	|
|	0.0,	-4.0,	-8.0,	-12.0	|
|	0.0,	-8.0,	-16.0,	12.0	|

|	1.0,	2.0,	3.0,	4.0	|
|	0.0,	-4.0,	-8.0,	-12.0	|
|	0.0,	-8.0,	-16.0,	-24.0	|

|	1.0,	2.0,	3.0,	4.0	|
|	0.0,	1.0,	2.0,	3.0	|
|	0.0,	-8.0,	-16.0,	-24.0	|

|	1.0,	0.0,	3.0,	4.0	|
|	0.0,	1.0,	2.0,	3.0	|
|	0.0,	-8.0,	-16.0,	-24.0	|

|	1.0,	0.0,	-1.0,	4.0	|
|	0.0,	1.0,	2.0,	3.0	|
|	0.0,	-8.0,	-16.0,	-24.0	|

|	1.0,	0.0,	-1.0,	-2.0	|
|	0.0,	1.0,	2.0,	3.0	|
|	0.0,	-8.0,	-16.0,	-24.0	|

|	1.0,	0.0,	-1.0,	-2.0	|
|	0.0,	1.0,	2.0,	3.0	|
|	0.0,	-8.0,	-16.0,	-24.0	|

|	1.0,	0.0,	-1.0,	-2.0	|
|	0.0,	1.0,	2.0,	3.0	|
|	0.0,	0.0,	-16.0,	-24.0	|

|	1.0,	0.0,	-1.0,	-2.0	|
|	0.0,	1.0,	2.0,	3.0	|
|	0.0,	0.0,	0.0,	-24.0	|

|	1.0,	0.0,	-1.0,	-2.0	|
|	0.0,	1.0,	2.0,	3.0	|
|	0.0,	0.0,	0.0,	0.0	|

|	1.0,	0.0,	-1.0,	-2.0	|
|	0.0,	1.0,	2.0,	3.0	|
|	0.0,	0.0,	0.0,	0.0	|

|	1.0,	0.0,	-1.0,	-2.0	|
|	0.0,	1.0,	2.0,	3.0	|
|	0.0,	0.0,	0.0,	0.0	|

|	1.0,	0.0,	-1.0,	-2.0	|
|	0.0,	1.0,	2.0,	3.0	|
|	0.0,	0.0,	0.0,	0.0	|

|	1.0,	0.0,	-1.0,	-2.0	|
|	0.0,	1.0,	2.0,	3.0	|
|	0.0,	0.0,	0.0,	0.0	|

|	1.0,	0.0,	-1.0,	-2.0	|
|	0.0,	1.0,	2.0,	3.0	|
|	0.0,	0.0,	0.0,	0.0	|

|	1.0,	0.0,	-1.0,	-2.0	|
|	0.0,	1.0,	2.0,	3.0	|
|	0.0,	0.0,	0.0,	0.0	|

|	1.0,	0.0,	-1.0,	-2.0	|
|	0.0,	1.0,	2.0,	3.0	|
|	0.0,	0.0,	0.0,	0.0	|

|	1.0,	0.0,	-1.0,	-2.0	|
|	0.0,	1.0,	2.0,	3.0	|
|	0.0,	0.0,	0.0,	0.0	|


BRUTE FORCED SOLUTION:
|	1.0,	0.0,	-1.0,	-2.0	|
|	0.0,	1.0,	2.0,	3.0	|
|	0.0,	0.0,	0.0,	0.0	|


Back Substituted Values: 
x1 = (-1.0)x3 + -2.0
x2 = (2.0)x3 + 3.0
x3 = Free Variable

========================


SWAPED: Row[1] & Row[2]
|	1.0,	2.0,	3.0,	4.0	|
|	5.0,	6.0,	7.0,	8.0	|
|	9.0,	10.0,	11.0,	12.0	|

SWAPED: Row[2] & Row[3]
|	1.0,	2.0,	3.0,	4.0	|
|	5.0,	6.0,	7.0,	8.0	|
|	9.0,	10.0,	11.0,	12.0	|

SWAPED: Row[1] & Row[2]
|	1.0,	2.0,	3.0,	4.0	|
|	5.0,	6.0,	7.0,	8.0	|
|	9.0,	10.0,	11.0,	12.0	|

|	1.0,	1.1111111111111112,	1.2222222222222223,	1.3333333333333333	|
|	0.0,	6.0,	7.0,	8.0	|
|	1.0,	2.0,	3.0,	4.0	|

|	1.0,	1.1111111111111112,	1.2222222222222223,	1.3333333333333333	|
|	0.0,	0.44444444444444464,	7.0,	8.0	|
|	1.0,	2.0,	3.0,	4.0	|

|	1.0,	1.1111111111111112,	1.2222222222222223,	1.3333333333333333	|
|	0.0,	0.44444444444444464,	0.8888888888888884,	8.0	|
|	1.0,	2.0,	3.0,	4.0	|

|	1.0,	1.1111111111111112,	1.2222222222222223,	1.3333333333333333	|
|	0.0,	0.44444444444444464,	0.8888888888888884,	1.333333333333334	|
|	1.0,	2.0,	3.0,	4.0	|

|	1.0,	1.1111111111111112,	1.2222222222222223,	1.3333333333333333	|
|	0.0,	0.44444444444444464,	0.8888888888888884,	1.333333333333334	|
|	0.0,	2.0,	3.0,	4.0	|

|	1.0,	1.1111111111111112,	1.2222222222222223,	1.3333333333333333	|
|	0.0,	0.44444444444444464,	0.8888888888888884,	1.333333333333334	|
|	0.0,	0.8888888888888888,	3.0,	4.0	|

|	1.0,	1.1111111111111112,	1.2222222222222223,	1.3333333333333333	|
|	0.0,	0.44444444444444464,	0.8888888888888884,	1.333333333333334	|
|	0.0,	0.8888888888888888,	1.7777777777777777,	4.0	|

|	1.0,	1.1111111111111112,	1.2222222222222223,	1.3333333333333333	|
|	0.0,	0.44444444444444464,	0.8888888888888884,	1.333333333333334	|
|	0.0,	0.8888888888888888,	1.7777777777777777,	2.666666666666667	|

|	1.0,	1.1111111111111112,	1.2222222222222223,	1.3333333333333333	|
|	0.0,	1.0,	2.0,	3.0	|
|	0.0,	0.8888888888888888,	1.7777777777777777,	2.666666666666667	|

|	1.0,	0.0,	1.2222222222222223,	1.3333333333333333	|
|	0.0,	1.0,	2.0,	3.0	|
|	0.0,	0.8888888888888888,	1.7777777777777777,	2.666666666666667	|

|	1.0,	0.0,	-1.0,	1.3333333333333333	|
|	0.0,	1.0,	2.0,	3.0	|
|	0.0,	0.8888888888888888,	1.7777777777777777,	2.666666666666667	|

|	1.0,	0.0,	-1.0,	-2.0	|
|	0.0,	1.0,	2.0,	3.0	|
|	0.0,	0.8888888888888888,	1.7777777777777777,	2.666666666666667	|

|	1.0,	0.0,	-1.0,	-2.0	|
|	0.0,	1.0,	2.0,	3.0	|
|	0.0,	0.8888888888888888,	1.7777777777777777,	2.666666666666667	|

|	1.0,	0.0,	-1.0,	-2.0	|
|	0.0,	1.0,	2.0,	3.0	|
|	0.0,	0.0,	1.7777777777777777,	2.666666666666667	|

|	1.0,	0.0,	-1.0,	-2.0	|
|	0.0,	1.0,	2.0,	3.0	|
|	0.0,	0.0,	0.0,	2.666666666666667	|

|	1.0,	0.0,	-1.0,	-2.0	|
|	0.0,	1.0,	2.0,	3.0	|
|	0.0,	0.0,	0.0,	0.0	|

|	1.0,	0.0,	-1.0,	-2.0	|
|	0.0,	1.0,	2.0,	3.0	|
|	0.0,	0.0,	0.0,	0.0	|

|	1.0,	0.0,	-1.0,	-2.0	|
|	0.0,	1.0,	2.0,	3.0	|
|	0.0,	0.0,	0.0,	0.0	|

|	1.0,	0.0,	-1.0,	-2.0	|
|	0.0,	1.0,	2.0,	3.0	|
|	0.0,	0.0,	0.0,	0.0	|

|	1.0,	0.0,	-1.0,	-2.0	|
|	0.0,	1.0,	2.0,	3.0	|
|	0.0,	0.0,	0.0,	0.0	|

|	1.0,	0.0,	-1.0,	-2.0	|
|	0.0,	1.0,	2.0,	3.0	|
|	0.0,	0.0,	0.0,	0.0	|

|	1.0,	0.0,	-1.0,	-2.0	|
|	0.0,	1.0,	2.0,	3.0	|
|	0.0,	0.0,	0.0,	0.0	|

|	1.0,	0.0,	-1.0,	-2.0	|
|	0.0,	1.0,	2.0,	3.0	|
|	0.0,	0.0,	0.0,	0.0	|

|	1.0,	0.0,	-1.0,	-2.0	|
|	0.0,	1.0,	2.0,	3.0	|
|	0.0,	0.0,	0.0,	0.0	|


Pivot SOLUTION:
|	1.0,	0.0,	-1.0,	-2.0	|
|	0.0,	1.0,	2.0,	3.0	|
|	0.0,	0.0,	0.0,	0.0	|


Back Substituted Values: 
x1 = (-1.0)x3 + -2.0
x2 = (2.0)x3 + 3.0
x3 = Free Variable
