Please enter value at (1,1): |	-1.0,	0.0,	0.0,	0.0	|
|	0.0,	0.0,	0.0,	0.0	|
|	0.0,	0.0,	0.0,	0.0	|

Please enter value at (1,2): |	-1.0,	1.0,	0.0,	0.0	|
|	0.0,	0.0,	0.0,	0.0	|
|	0.0,	0.0,	0.0,	0.0	|

Please enter value at (1,3): |	-1.0,	1.0,	0.0,	0.0	|
|	0.0,	0.0,	0.0,	0.0	|
|	0.0,	0.0,	0.0,	0.0	|

Please enter value at (1,4): |	-1.0,	1.0,	0.0,	1.0	|
|	0.0,	0.0,	0.0,	0.0	|
|	0.0,	0.0,	0.0,	0.0	|

Please enter value at (2,1): |	-1.0,	1.0,	0.0,	1.0	|
|	-2.0,	0.0,	0.0,	0.0	|
|	0.0,	0.0,	0.0,	0.0	|

Please enter value at (2,2): |	-1.0,	1.0,	0.0,	1.0	|
|	-2.0,	-3.0,	0.0,	0.0	|
|	0.0,	0.0,	0.0,	0.0	|

Please enter value at (2,3): |	-1.0,	1.0,	0.0,	1.0	|
|	-2.0,	-3.0,	-1.0,	0.0	|
|	0.0,	0.0,	0.0,	0.0	|

Please enter value at (2,4): |	-1.0,	1.0,	0.0,	1.0	|
|	-2.0,	-3.0,	-1.0,	-2.0	|
|	0.0,	0.0,	0.0,	0.0	|

Please enter value at (3,1): |	-1.0,	1.0,	0.0,	1.0	|
|	-2.0,	-3.0,	-1.0,	-2.0	|
|	-3.0,	0.0,	0.0,	0.0	|

Please enter value at (3,2): |	-1.0,	1.0,	0.0,	1.0	|
|	-2.0,	-3.0,	-1.0,	-2.0	|
|	-3.0,	-1.0,	0.0,	0.0	|

Please enter value at (3,3): |	-1.0,	1.0,	0.0,	1.0	|
|	-2.0,	-3.0,	-1.0,	-2.0	|
|	-3.0,	-1.0,	-2.0,	0.0	|

Please enter value at (3,4): |	-1.0,	1.0,	0.0,	1.0	|
|	-2.0,	-3.0,	-1.0,	-2.0	|
|	-3.0,	-1.0,	-2.0,	-1.0	|

|	1.0,	-1.0,	0.0,	-1.0	|
|	0.0,	-3.0,	-1.0,	-2.0	|
|	-3.0,	-1.0,	-2.0,	-1.0	|

|	1.0,	-1.0,	0.0,	-1.0	|
|	0.0,	-5.0,	-1.0,	-2.0	|
|	-3.0,	-1.0,	-2.0,	-1.0	|

|	1.0,	-1.0,	0.0,	-1.0	|
|	0.0,	-5.0,	-1.0,	-2.0	|
|	-3.0,	-1.0,	-2.0,	-1.0	|

|	1.0,	-1.0,	0.0,	-1.0	|
|	0.0,	-5.0,	-1.0,	-4.0	|
|	-3.0,	-1.0,	-2.0,	-1.0	|

|	1.0,	-1.0,	0.0,	-1.0	|
|	0.0,	-5.0,	-1.0,	-4.0	|
|	0.0,	-1.0,	-2.0,	-1.0	|

|	1.0,	-1.0,	0.0,	-1.0	|
|	0.0,	-5.0,	-1.0,	-4.0	|
|	0.0,	-4.0,	-2.0,	-1.0	|

|	1.0,	-1.0,	0.0,	-1.0	|
|	0.0,	-5.0,	-1.0,	-4.0	|
|	0.0,	-4.0,	-2.0,	-1.0	|

|	1.0,	-1.0,	0.0,	-1.0	|
|	0.0,	-5.0,	-1.0,	-4.0	|
|	0.0,	-4.0,	-2.0,	-4.0	|

|	1.0,	-1.0,	0.0,	-1.0	|
|	0.0,	1.0,	0.2,	0.8	|
|	0.0,	-4.0,	-2.0,	-4.0	|

|	1.0,	0.0,	0.0,	-1.0	|
|	0.0,	1.0,	0.2,	0.8	|
|	0.0,	-4.0,	-2.0,	-4.0	|

|	1.0,	0.0,	0.2,	-1.0	|
|	0.0,	1.0,	0.2,	0.8	|
|	0.0,	-4.0,	-2.0,	-4.0	|

|	1.0,	0.0,	0.2,	-0.19999999999999996	|
|	0.0,	1.0,	0.2,	0.8	|
|	0.0,	-4.0,	-2.0,	-4.0	|

|	1.0,	0.0,	0.2,	-0.19999999999999996	|
|	0.0,	1.0,	0.2,	0.8	|
|	0.0,	-4.0,	-2.0,	-4.0	|

|	1.0,	0.0,	0.2,	-0.19999999999999996	|
|	0.0,	1.0,	0.2,	0.8	|
|	0.0,	0.0,	-2.0,	-4.0	|

|	1.0,	0.0,	0.2,	-0.19999999999999996	|
|	0.0,	1.0,	0.2,	0.8	|
|	0.0,	0.0,	-1.2,	-4.0	|

|	1.0,	0.0,	0.2,	-0.19999999999999996	|
|	0.0,	1.0,	0.2,	0.8	|
|	0.0,	0.0,	-1.2,	-0.7999999999999998	|

|	1.0,	0.0,	0.2,	-0.19999999999999996	|
|	0.0,	1.0,	0.2,	0.8	|
|	0.0,	0.0,	1.0,	0.6666666666666665	|

|	1.0,	0.0,	0.2,	-0.19999999999999996	|
|	0.0,	1.0,	0.2,	0.8	|
|	0.0,	0.0,	1.0,	0.6666666666666665	|

|	1.0,	0.0,	0.0,	-0.19999999999999996	|
|	0.0,	1.0,	0.2,	0.8	|
|	0.0,	0.0,	1.0,	0.6666666666666665	|

|	1.0,	0.0,	0.0,	-0.33333333333333326	|
|	0.0,	1.0,	0.2,	0.8	|
|	0.0,	0.0,	1.0,	0.6666666666666665	|

|	1.0,	0.0,	0.0,	-0.33333333333333326	|
|	0.0,	1.0,	0.2,	0.8	|
|	0.0,	0.0,	1.0,	0.6666666666666665	|

|	1.0,	0.0,	0.0,	-0.33333333333333326	|
|	0.0,	1.0,	0.2,	0.8	|
|	0.0,	0.0,	1.0,	0.6666666666666665	|

|	1.0,	0.0,	0.0,	-0.33333333333333326	|
|	0.0,	1.0,	0.0,	0.8	|
|	0.0,	0.0,	1.0,	0.6666666666666665	|

|	1.0,	0.0,	0.0,	-0.33333333333333326	|
|	0.0,	1.0,	0.0,	0.6666666666666667	|
|	0.0,	0.0,	1.0,	0.6666666666666665	|


BRUTE FORCED SOLUTION:
|	1.0,	0.0,	0.0,	-0.33333333333333326	|
|	0.0,	1.0,	0.0,	0.6666666666666667	|
|	0.0,	0.0,	1.0,	0.6666666666666665	|


========================


SWAPED: Row[1] & Row[2]
|	-1.0,	1.0,	0.0,	1.0	|
|	-2.0,	-3.0,	-1.0,	-2.0	|
|	-3.0,	-1.0,	-2.0,	-1.0	|

SWAPED: Row[2] & Row[3]
|	-1.0,	1.0,	0.0,	1.0	|
|	-2.0,	-3.0,	-1.0,	-2.0	|
|	-3.0,	-1.0,	-2.0,	-1.0	|

SWAPED: Row[1] & Row[2]
|	-1.0,	1.0,	0.0,	1.0	|
|	-2.0,	-3.0,	-1.0,	-2.0	|
|	-3.0,	-1.0,	-2.0,	-1.0	|

|	1.0,	0.3333333333333333,	0.6666666666666666,	0.3333333333333333	|
|	0.0,	-3.0,	-1.0,	-2.0	|
|	-1.0,	1.0,	0.0,	1.0	|

|	1.0,	0.3333333333333333,	0.6666666666666666,	0.3333333333333333	|
|	0.0,	-2.3333333333333335,	-1.0,	-2.0	|
|	-1.0,	1.0,	0.0,	1.0	|

|	1.0,	0.3333333333333333,	0.6666666666666666,	0.3333333333333333	|
|	0.0,	-2.3333333333333335,	0.33333333333333326,	-2.0	|
|	-1.0,	1.0,	0.0,	1.0	|

|	1.0,	0.3333333333333333,	0.6666666666666666,	0.3333333333333333	|
|	0.0,	-2.3333333333333335,	0.33333333333333326,	-1.3333333333333335	|
|	-1.0,	1.0,	0.0,	1.0	|

|	1.0,	0.3333333333333333,	0.6666666666666666,	0.3333333333333333	|
|	0.0,	-2.3333333333333335,	0.33333333333333326,	-1.3333333333333335	|
|	0.0,	1.0,	0.0,	1.0	|

|	1.0,	0.3333333333333333,	0.6666666666666666,	0.3333333333333333	|
|	0.0,	-2.3333333333333335,	0.33333333333333326,	-1.3333333333333335	|
|	0.0,	1.3333333333333333,	0.0,	1.0	|

|	1.0,	0.3333333333333333,	0.6666666666666666,	0.3333333333333333	|
|	0.0,	-2.3333333333333335,	0.33333333333333326,	-1.3333333333333335	|
|	0.0,	1.3333333333333333,	0.6666666666666666,	1.0	|

|	1.0,	0.3333333333333333,	0.6666666666666666,	0.3333333333333333	|
|	0.0,	-2.3333333333333335,	0.33333333333333326,	-1.3333333333333335	|
|	0.0,	1.3333333333333333,	0.6666666666666666,	1.3333333333333333	|

|	1.0,	0.3333333333333333,	0.6666666666666666,	0.3333333333333333	|
|	0.0,	1.0,	-0.14285714285714282,	0.5714285714285715	|
|	0.0,	1.3333333333333333,	0.6666666666666666,	1.3333333333333333	|

|	1.0,	0.0,	0.6666666666666666,	0.3333333333333333	|
|	0.0,	1.0,	-0.14285714285714282,	0.5714285714285715	|
|	0.0,	1.3333333333333333,	0.6666666666666666,	1.3333333333333333	|

|	1.0,	0.0,	0.7142857142857142,	0.3333333333333333	|
|	0.0,	1.0,	-0.14285714285714282,	0.5714285714285715	|
|	0.0,	1.3333333333333333,	0.6666666666666666,	1.3333333333333333	|

|	1.0,	0.0,	0.7142857142857142,	0.14285714285714282	|
|	0.0,	1.0,	-0.14285714285714282,	0.5714285714285715	|
|	0.0,	1.3333333333333333,	0.6666666666666666,	1.3333333333333333	|

|	1.0,	0.0,	0.7142857142857142,	0.14285714285714282	|
|	0.0,	1.0,	-0.14285714285714282,	0.5714285714285715	|
|	0.0,	1.3333333333333333,	0.6666666666666666,	1.3333333333333333	|

|	1.0,	0.0,	0.7142857142857142,	0.14285714285714282	|
|	0.0,	1.0,	-0.14285714285714282,	0.5714285714285715	|
|	0.0,	0.0,	0.6666666666666666,	1.3333333333333333	|

|	1.0,	0.0,	0.7142857142857142,	0.14285714285714282	|
|	0.0,	1.0,	-0.14285714285714282,	0.5714285714285715	|
|	0.0,	0.0,	0.857142857142857,	1.3333333333333333	|

|	1.0,	0.0,	0.7142857142857142,	0.14285714285714282	|
|	0.0,	1.0,	-0.14285714285714282,	0.5714285714285715	|
|	0.0,	0.0,	0.857142857142857,	0.5714285714285713	|

|	1.0,	0.0,	0.7142857142857142,	0.14285714285714282	|
|	0.0,	1.0,	-0.14285714285714282,	0.5714285714285715	|
|	0.0,	0.0,	1.0,	0.6666666666666666	|

|	1.0,	0.0,	0.7142857142857142,	0.14285714285714282	|
|	0.0,	1.0,	-0.14285714285714282,	0.5714285714285715	|
|	0.0,	0.0,	1.0,	0.6666666666666666	|

|	1.0,	0.0,	0.0,	0.14285714285714282	|
|	0.0,	1.0,	-0.14285714285714282,	0.5714285714285715	|
|	0.0,	0.0,	1.0,	0.6666666666666666	|

|	1.0,	0.0,	0.0,	-0.33333333333333326	|
|	0.0,	1.0,	-0.14285714285714282,	0.5714285714285715	|
|	0.0,	0.0,	1.0,	0.6666666666666666	|

|	1.0,	0.0,	0.0,	-0.33333333333333326	|
|	0.0,	1.0,	-0.14285714285714282,	0.5714285714285715	|
|	0.0,	0.0,	1.0,	0.6666666666666666	|

|	1.0,	0.0,	0.0,	-0.33333333333333326	|
|	0.0,	1.0,	-0.14285714285714282,	0.5714285714285715	|
|	0.0,	0.0,	1.0,	0.6666666666666666	|

|	1.0,	0.0,	0.0,	-0.33333333333333326	|
|	0.0,	1.0,	0.0,	0.5714285714285715	|
|	0.0,	0.0,	1.0,	0.6666666666666666	|

|	1.0,	0.0,	0.0,	-0.33333333333333326	|
|	0.0,	1.0,	0.0,	0.6666666666666667	|
|	0.0,	0.0,	1.0,	0.6666666666666666	|


Pivot SOLUTION:
|	1.0,	0.0,	0.0,	-0.33333333333333326	|
|	0.0,	1.0,	0.0,	0.6666666666666667	|
|	0.0,	0.0,	1.0,	0.6666666666666666	|


Back Substituted Values: 
x1 = -0.33333333333333326
x2 = 0.6666666666666667
x3 = 0.6666666666666666

